
SIZE=8
V1=list(itertools.product([1, -1], repeat=SIZE))
B=[]
for i in range(len(V1)):
    t=[1]+list(V1[i])+list(reversed(V1[i][:(SIZE-1)]))
    B.append(generate_neg_circulant_matrix(t))
V2=list(itertools.product([1, -1], repeat=(2*SIZE)))

[27, 666]
[27, 1106]
[27, 1333]
[27, 1454]
[27, 2213]
[27, 2667]
[27, 2909]
[27, 4186]
[27, 4427]
[27, 5310]
[27, 5335]
[27, 5819]
[27, 8373]
[27, 8855]
[27, 10260]
[27, 10370]
[27, 10621]
[27, 10671]
[27, 11639]
[27, 12218]
[27, 13818]
[27, 16550]
[27, 16660]
[27, 16747]
[27, 17430]
[27, 17711]
[27, 18976]
[27, 19438]
[27, 19838]
[27, 20521]
[27, 20741]
[27, 21243]
[27, 21343]
[27, 22848]
[27, 23048]
[27, 23279]
[27, 24052]
[27, 24437]
[27, 24492]
[27, 25858]
[27, 26658]
[27, 27582]
[27, 27637]
[27, 30112]
[27, 30674]
[27, 32040]
[27, 32214]
[27, 32434]
[27, 33101]
[27, 33321]
[27, 33495]
[27, 34861]
[27, 35423]
[27, 37898]
[27, 37953]
[27, 38877]
[27, 39677]
[27, 41043]
[27, 41098]
[27, 41483]
[27, 42256]
[27, 42487]
[27, 42687]
[27, 44192]
[27, 44292]
[27, 44794]
[27, 45014]
[27, 45697]
[27, 46097]
[27, 46559]
[27, 47824]
[27, 48105]
[27, 48788]
[27, 48875]
[27, 48985]
[27, 51717]
[27, 53317]
[27, 53896]
[27, 54864]
[27, 54914]
[27, 55165]
[27, 55275]
[27, 56680]
[27, 57162]
[27, 59716]
[27, 60200]
[27, 60225]
[27, 61108]
[27, 61349]
[27, 62626]
[27, 62868]
[27, 63322]
[27, 64081]
[27, 64202]
[27, 64429]
[27, 64869]
[40, 1252]
[40, 1734]
[40, 2448]
[40, 2505]
[40, 3469]
[40, 3942]
[40, 4897]
[40, 5011]
[40, 6916]
[40, 6939]
[40, 7140]
[40, 7885]
[40, 8408]
[40, 8684]
[40, 9795]
[40, 10016]
[40, 10023]
[40, 10200]
[40, 12830]
[40, 13833]
[40, 13879]
[40, 14212]
[40, 14281]
[40, 14598]
[40, 14654]
[40, 15771]
[40, 16070]
[40, 16817]
[40, 17369]
[40, 19591]
[40, 20033]
[40, 20047]
[40, 20401]
[40, 24732]
[40, 25440]
[40, 25468]
[40, 25661]
[40, 26352]
[40, 27667]
[40, 27759]
[40, 28425]
[40, 28563]
[40, 29197]
[40, 29309]
[40, 30796]
[40, 31543]
[40, 31900]
[40, 32141]
[40, 33394]
[40, 33635]
[40, 33992]
[40, 34739]
[40, 36226]
[40, 36338]
[40, 36972]
[40, 37110]
[40, 37776]
[40, 37868]
[40, 39183]
[40, 39874]
[40, 40067]
[40, 40095]
[40, 40803]
[40, 45134]
[40, 45488]
[40, 45502]
[40, 45944]
[40, 48166]
[40, 48718]
[40, 49465]
[40, 49764]
[40, 50881]
[40, 50937]
[40, 51254]
[40, 51323]
[40, 51656]
[40, 51702]
[40, 52705]
[40, 55335]
[40, 55512]
[40, 55519]
[40, 55740]
[40, 56851]
[40, 57127]
[40, 57650]
[40, 58395]
[40, 58596]
[40, 58619]
[40, 60524]
[40, 60638]
[40, 61593]
[40, 62066]
[40, 63030]
[40, 63087]
[40, 63801]
[40, 64283]
[47, 3244]
[47, 5272]
[47, 6440]
[47, 6489]
[47, 7386]
[47, 7532]
[47, 9500]
[47, 9786]
[47, 10470]
[47, 10545]
[47, 11068]
[47, 12490]
[47, 12758]
[47, 12881]
[47, 12979]
[47, 13616]
[47, 14008]
[47, 14500]
[47, 14773]
[47, 15065]
[47, 15572]
[47, 18230]
[47, 18830]
[47, 19001]
[47, 19506]
[47, 19573]
[47, 20941]
[47, 21091]
[47, 21260]
[47, 22137]
[47, 23014]
[47, 23352]
[47, 23652]
[47, 24981]
[47, 25517]
[47, 25763]
[47, 25959]
[47, 26388]
[47, 26522]
[47, 27233]
[47, 27532]
[47, 27874]
[47, 28017]
[47, 29001]
[47, 29074]
[47, 29547]
[47, 30131]
[47, 31145]
[47, 34390]
[47, 35404]
[47, 35988]
[47, 36461]
[47, 36534]
[47, 37518]
[47, 37661]
[47, 38003]
[47, 38302]
[47, 39013]
[47, 39147]
[47, 39576]
[47, 39772]
[47, 40018]
[47, 40554]
[47, 41883]
[47, 42183]
[47, 42521]
[47, 43398]
[47, 44275]
[47, 44444]
[47, 44594]
[47, 45962]
[47, 46029]
[47, 46534]
[47, 46705]
[47, 47305]
[47, 49963]
[47, 50470]
[47, 50762]
[47, 51035]
[47, 51527]
[47, 51919]
[47, 52556]
[47, 52654]
[47, 52777]
[47, 53045]
[47, 54467]
[47, 54990]
[47, 55065]
[47, 55749]
[47, 56035]
[47, 58003]
[47, 58149]
[47, 59046]
[47, 59095]
[47, 60263]
[47, 62291]
[52, 212]
[52, 328]
[52, 425]
[52, 474]
[52, 657]
[52, 851]
[52, 949]
[52, 1315]
[52, 1703]
[52, 1899]
[52, 2631]
[52, 3407]
[52, 3799]
[52, 4736]
[52, 5263]
[52, 6815]
[52, 7599]
[52, 8150]
[52, 9210]
[52, 9473]
[52, 10254]
[52, 10527]
[52, 11008]
[52, 13631]
[52, 15199]
[52, 16301]
[52, 16330]
[52, 16502]
[52, 18421]
[52, 18686]
[52, 18947]
[52, 20466]
[52, 20509]
[52, 21055]
[52, 21500]
[52, 22017]
[52, 22534]
[52, 23424]
[52, 24516]
[52, 24602]
[52, 27263]
[52, 27640]
[52, 28162]
[52, 28692]
[52, 30399]
[52, 32530]
[52, 32603]
[52, 32661]
[52, 32874]
[52, 32932]
[52, 33005]
[52, 35136]
[52, 36843]
[52, 37373]
[52, 37895]
[52, 38272]
[52, 40933]
[52, 41019]
[52, 42111]
[52, 43001]
[52, 43518]
[52, 44035]
[52, 44480]
[52, 45026]
[52, 45069]
[52, 46588]
[52, 46849]
[52, 47114]
[52, 49033]
[52, 49205]
[52, 49234]
[52, 50336]
[52, 51904]
[52, 54527]
[52, 55008]
[52, 55281]
[52, 56062]
[52, 56325]
[52, 57385]
[52, 57936]
[52, 58720]
[52, 60272]
[52, 60799]
[52, 61736]
[52, 62128]
[52, 62904]
[52, 63636]
[52, 63832]
[52, 64220]
[52, 64586]
[52, 64684]
[52, 64878]
[52, 65061]
[52, 65110]
[52, 65207]
[52, 65323]
[78, 1104]
[78, 1404]
[78, 1546]
[78, 1966]
[78, 2209]
[78, 2592]
[78, 2809]
[78, 3093]
[78, 3933]
[78, 4026]
[78, 4218]
[78, 4419]
[78, 5182]
[78, 5185]
[78, 5619]
[78, 6187]
[78, 7867]
[78, 8053]
[78, 8437]
[78, 8839]
[78, 10365]
[78, 10371]
[78, 11239]
[78, 12375]
[78, 15735]
[78, 16032]
[78, 16107]
[78, 16770]
[78, 16875]
[78, 17390]
[78, 17438]
[78, 17679]
[78, 20576]
[78, 20731]
[78, 20743]
[78, 22479]
[78, 24048]
[78, 24072]
[78, 24382]
[78, 24751]
[78, 30176]
[78, 30658]
[78, 30754]
[78, 31471]
[78, 31784]
[78, 31994]
[78, 32065]
[78, 32215]
[78, 33320]
[78, 33470]
[78, 33541]
[78, 33751]
[78, 34064]
[78, 34781]
[78, 34877]
[78, 35359]
[78, 40784]
[78, 41153]
[78, 41463]
[78, 41487]
[78, 43056]
[78, 44792]
[78, 44804]
[78, 44959]
[78, 47856]
[78, 48097]
[78, 48145]
[78, 48660]
[78, 48765]
[78, 49428]
[78, 49503]
[78, 49800]
[78, 53160]
[78, 54296]
[78, 55164]
[78, 55170]
[78, 56696]
[78, 57098]
[78, 57482]
[78, 57668]
[78, 59348]
[78, 59916]
[78, 60350]
[78, 60353]
[78, 61116]
[78, 61317]
[78, 61509]
[78, 61602]
[78, 62442]
[78, 62726]
[78, 62943]
[78, 63326]
[78, 63569]
[78, 63989]
[78, 64131]
[78, 64431]
[97, 852]
[97, 1352]
[97, 1705]
[97, 1898]
[97, 2705]
[97, 3411]
[97, 3797]
[97, 4768]
[97, 5411]
[97, 6823]
[97, 7595]
[97, 8022]
[97, 9194]
[97, 9537]
[97, 10766]
[97, 10823]
[97, 10944]
[97, 13647]
[97, 15191]
[97, 16045]
[97, 16170]
[97, 16858]
[97, 18389]
[97, 18682]
[97, 19075]
[97, 20426]
[97, 20598]
[97, 21054]
[97, 21490]
[97, 21533]
[97, 21647]
[97, 21756]
[97, 21889]
[97, 22022]
[97, 22240]
[97, 22468]
[97, 22554]
[97, 23426]
[97, 24338]
[97, 24682]
[97, 27295]
[97, 27384]
[97, 28170]
[97, 28756]
[97, 30383]
[97, 31818]
[97, 32091]
[97, 32341]
[97, 33194]
[97, 33444]
[97, 33717]
[97, 35152]
[97, 36779]
[97, 37365]
[97, 38151]
[97, 38240]
[97, 40853]
[97, 41197]
[97, 42109]
[97, 42981]
[97, 43067]
[97, 43295]
[97, 43513]
[97, 43646]
[97, 43779]
[97, 43888]
[97, 44002]
[97, 44045]
[97, 44481]
[97, 44937]
[97, 45109]
[97, 46460]
[97, 46853]
[97, 47146]
[97, 48677]
[97, 49365]
[97, 49490]
[97, 50344]
[97, 51888]
[97, 54591]
[97, 54712]
[97, 54769]
[97, 55998]
[97, 56341]
[97, 57513]
[97, 57940]
[97, 58712]
[97, 60124]
[97, 60767]
[97, 61738]
[97, 62124]
[97, 62830]
[97, 63637]
[97, 63830]
[97, 64183]
[97, 64683]
[122, 812]
[122, 1176]
[122, 1625]
[122, 1846]
[122, 2353]
[122, 3251]
[122, 3693]
[122, 4707]
[122, 6432]
[122, 6503]
[122, 7387]
[122, 8044]
[122, 8422]
[122, 9244]
[122, 9415]
[122, 9790]
[122, 11516]
[122, 12338]
[122, 12790]
[122, 12865]
[122, 13007]
[122, 13504]
[122, 14072]
[122, 14372]
[122, 14775]
[122, 16089]
[122, 16180]
[122, 16845]
[122, 18489]
[122, 18831]
[122, 19468]
[122, 19581]
[122, 23033]
[122, 24677]
[122, 25581]
[122, 25731]
[122, 26015]
[122, 26372]
[122, 26598]
[122, 27009]
[122, 27872]
[122, 28145]
[122, 28556]
[122, 28745]
[122, 29551]
[122, 31844]
[122, 32179]
[122, 32361]
[122, 33174]
[122, 33356]
[122, 33691]
[122, 35984]
[122, 36790]
[122, 36979]
[122, 37390]
[122, 37663]
[122, 38526]
[122, 38937]
[122, 39163]
[122, 39520]
[122, 39804]
[122, 39954]
[122, 40858]
[122, 42502]
[122, 45954]
[122, 46067]
[122, 46704]
[122, 47046]
[122, 48690]
[122, 49355]
[122, 49446]
[122, 50760]
[122, 51163]
[122, 51463]
[122, 52031]
[122, 52528]
[122, 52670]
[122, 52745]
[122, 53197]
[122, 54019]
[122, 55745]
[122, 56120]
[122, 56291]
[122, 57113]
[122, 57491]
[122, 58148]
[122, 59032]
[122, 59103]
[122, 60828]
[122, 61842]
[122, 62284]
[122, 63182]
[122, 63689]
[122, 63910]
[122, 64359]
[122, 64723]
[125, 5348]
[125, 5772]
[125, 6610]
[125, 6884]
[125, 6932]
[125, 6938]
[125, 10024]
[125, 10072]
[125, 10456]
[125, 10697]
[125, 11545]
[125, 11874]
[125, 12648]
[125, 13221]
[125, 13769]
[125, 13865]
[125, 13877]
[125, 14650]
[125, 14662]
[125, 14940]
[125, 15046]
[125, 18036]
[125, 18118]
[125, 19352]
[125, 20046]
[125, 20049]
[125, 20145]
[125, 20913]
[125, 21395]
[125, 22744]
[125, 23091]
[125, 23708]
[125, 23749]
[125, 25244]
[125, 25297]
[125, 25436]
[125, 25442]
[125, 26443]
[125, 26830]
[125, 27539]
[125, 27731]
[125, 27755]
[125, 29298]
[125, 29301]
[125, 29325]
[125, 29462]
[125, 29881]
[125, 30093]
[125, 35442]
[125, 35654]
[125, 36073]
[125, 36210]
[125, 36234]
[125, 36237]
[125, 37780]
[125, 37804]
[125, 37996]
[125, 38705]
[125, 39092]
[125, 40093]
[125, 40099]
[125, 40238]
[125, 40291]
[125, 41786]
[125, 41827]
[125, 42444]
[125, 42791]
[125, 44140]
[125, 44622]
[125, 45390]
[125, 45486]
[125, 45489]
[125, 46183]
[125, 47417]
[125, 47499]
[125, 50489]
[125, 50595]
[125, 50873]
[125, 50885]
[125, 51658]
[125, 51670]
[125, 51766]
[125, 52314]
[125, 52887]
[125, 53661]
[125, 53990]
[125, 54838]
[125, 55079]
[125, 55463]
[125, 55511]
[125, 58597]
[125, 58603]
[125, 58651]
[125, 58925]
[125, 59763]
[125, 60187]
[130, 5348]
[130, 5772]
[130, 6610]
[130, 6884]
[130, 6932]
[130, 6938]
[130, 10024]
[130, 10072]
[130, 10456]
[130, 10697]
[130, 11545]
[130, 11874]
[130, 12648]
[130, 13221]
[130, 13769]
[130, 13865]
[130, 13877]
[130, 14650]
[130, 14662]
[130, 14940]
[130, 15046]
[130, 18036]
[130, 18118]
[130, 19352]
[130, 20046]
[130, 20049]
[130, 20145]
[130, 20913]
[130, 21395]
[130, 22744]
[130, 23091]
[130, 23708]
[130, 23749]
[130, 25244]
[130, 25297]
[130, 25436]
[130, 25442]
[130, 26443]
[130, 26830]
[130, 27539]
[130, 27731]
[130, 27755]
[130, 29298]
[130, 29301]
[130, 29325]
[130, 29462]
[130, 29881]
[130, 30093]
[130, 35442]
[130, 35654]
[130, 36073]
[130, 36210]
[130, 36234]
[130, 36237]
[130, 37780]
[130, 37804]
[130, 37996]
[130, 38705]
[130, 39092]
[130, 40093]
[130, 40099]
[130, 40238]
[130, 40291]
[130, 41786]
[130, 41827]
[130, 42444]
[130, 42791]
[130, 44140]
[130, 44622]
[130, 45390]
[130, 45486]
[130, 45489]
[130, 46183]
[130, 47417]
[130, 47499]
[130, 50489]
[130, 50595]
[130, 50873]
[130, 50885]
[130, 51658]
[130, 51670]
[130, 51766]
[130, 52314]
[130, 52887]
[130, 53661]
[130, 53990]
[130, 54838]
[130, 55079]
[130, 55463]
[130, 55511]
[130, 58597]
[130, 58603]
[130, 58651]
[130, 58925]
[130, 59763]
[130, 60187]
[133, 812]
[133, 1176]
[133, 1625]
[133, 1846]
[133, 2353]
[133, 3251]
[133, 3693]
[133, 4707]
[133, 6432]
[133, 6503]
[133, 7387]
[133, 8044]
[133, 8422]
[133, 9244]
[133, 9415]
[133, 9790]
[133, 11516]
[133, 12338]
[133, 12790]
[133, 12865]
[133, 13007]
[133, 13504]
[133, 14072]
[133, 14372]
[133, 14775]
[133, 16089]
[133, 16180]
[133, 16845]
[133, 18489]
[133, 18831]
[133, 19468]
[133, 19581]
[133, 23033]
[133, 24677]
[133, 25581]
[133, 25731]
[133, 26015]
[133, 26372]
[133, 26598]
[133, 27009]
[133, 27872]
[133, 28145]
[133, 28556]
[133, 28745]
[133, 29551]
[133, 31844]
[133, 32179]
[133, 32361]
[133, 33174]
[133, 33356]
[133, 33691]
[133, 35984]
[133, 36790]
[133, 36979]
[133, 37390]
[133, 37663]
[133, 38526]
[133, 38937]
[133, 39163]
[133, 39520]
[133, 39804]
[133, 39954]
[133, 40858]
[133, 42502]
[133, 45954]
[133, 46067]
[133, 46704]
[133, 47046]
[133, 48690]
[133, 49355]
[133, 49446]
[133, 50760]
[133, 51163]
[133, 51463]
[133, 52031]
[133, 52528]
[133, 52670]
[133, 52745]
[133, 53197]
[133, 54019]
[133, 55745]
[133, 56120]
[133, 56291]
[133, 57113]
[133, 57491]
[133, 58148]
[133, 59032]
[133, 59103]
[133, 60828]
[133, 61842]